SCORE
2202
2207
2187
2217
2191
2193
2212
2193
2205
2197
2188
2238
2166
2202
2204
2203
2203
2194
2205
2213
2200
2184
2212
2213
2191
2190
2205
2193
2208
2175
2195
2211
2210
2201
2205
2204
2184
2210
2219
2192
2205
2210
2184
2209
2181
2202
2209
2212
2195
2201
2209
2176
2222
2185
2203
2210
2201
2181
2208
2187
2210
2207
2169
2214
2203
2208
2204
2178
2217
2206
2194
2210
2206
2168
2206
2208
2206
2196
2209
2201
2196
2196
2203
2205
2178
2210
2200
2190
2217
2191
2206
2189
2207
2193
2218
2182
2205
2216
2171
2216
2195
2210
2191
2203
2205
2204
2202
2197
2212
2200
2186
2206
2201
2200
2192
2219
2197
2193
2205
2210
2180
2209
2203
2179
2220
2187
2230
2176
2215
2174
2223
2203
2184
2204
2220
2174
2205
2209
2202
2179
2215
2207
2201
2195
2217
2165
2212
2233
2179
2196
2197
2209
2188
2196
2227
2176
2200
2212
2190
2247
2254
2225
2249
2245
2218
2270
2175
2209
2203
2195
2201
2227
2190
2190
2193
2206
2186
2205
2212
2210
2186
2197
2186
2215
2190
2204
2217
