crest;colgate;crestpr;colgatpr;week_;date_;step135;step136
0.108;0.424;2.07;2.05;1;   1;0;0
0.166;0.482;2.17;2.1;2;   2;0;0
0.126;0.428;2.17;2.04;3;   3;0;0
0.115;0.397;2.07;1.96;4;   4;0;0
0.119;0.352;2.12;2.06;5;   5;0;0
0.176;0.342;2.05;2.01;6;   6;0;0
0.155;0.434;2.1;2.03;7;   7;0;0
0.118;0.445;2.07;2.09;8;   8;0;0
0.136;0.428;2.1;2.01;9;   9;0;0
0.137;0.395;2.14;2.04;10;  10;0;0
0.124;0.354;2.12;2.03;11;  11;0;0
0.131;0.497;2.05;2.07;12;  12;0;0
0.12;0.425;2.07;2.03;13;  13;0;0
0.133;0.401;2.12;2.04;14;  14;0;0
0.067;0.363;2.16;2.1;15;  15;0;0
0.086;0.341;2.17;2.06;16;  16;0;0
0.14;0.464;2.14;2.06;17;  17;0;0
0.122;0.431;2.01;2.01;18;  18;0;0
0.105;0.405;2.02;1.99;19;  19;0;0
0.079;0.46;2.1;2.01;20;  20;0;0
0.13;0.41;2.12;2.06;21;  21;0;0
0.142;0.423;2.13;1.94;22;  22;0;0
0.12;0.31;2.16;2.11;23;  23;0;0
0.115;0.413;2.09;2.05;24;  24;0;0
0.103;0.411;2.15;2.05;25;  25;0;0
0.078;0.452;2.11;2.05;26;  26;0;0
0.093;0.405;2.11;2.04;27;  27;0;0
0.086;0.29;2.05;2.02;28;  28;0;0
0.099;0.342;2.11;2.03;29;  29;0;0
0.078;0.311;2.17;2.03;30;  30;0;0
0.095;0.327;2.11;2.03;31;  31;0;0
0.094;0.413;2.07;2.04;32;  32;0;0
0.056;0.4;2.16;1.99;33;  33;0;0
0.05;0.38;2.01;1.94;34;  34;0;0
0.065;0.371;2.21;2.05;35;  35;0;0
0.091;0.344;2.08;2.09;36;  36;0;0
0.094;0.345;2.08;2.03;37;  37;0;0
0.124;0.363;2.12;2.07;38;  38;0;0
0.153;0.392;2.03;2.09;39;  39;0;0
0.078;0.379;2.14;2.07;40;  40;0;0
0.114;0.349;2.04;2.07;41;  41;0;0
0.088;0.337;2.17;2.1;42;  42;0;0
0.165;0.235;2.09;2.04;43;  43;0;0
0.16;0.25;2.11;2;44;  44;0;0
0.075;0.36;2;2.03;45;  45;0;0
0.118;0.282;1.95;2.06;46;  46;0;0
0.1;0.257;2.14;2.12;47;  47;0;0
0.102;0.345;2.09;1.99;48;  48;0;0
0.131;0.344;2.09;2.06;49;  49;0;0
0.148;0.358;2.03;2.11;50;  50;0;0
0.137;0.322;2.07;2.02;51;  51;0;0
0.09;0.332;2.17;1.99;52;  52;0;0
0.088;0.315;2.01;2.05;53;  53;0;0
0.172;0.316;1.94;2.01;54;  54;0;0
0.111;0.341;2.08;2.06;55;  55;0;0
0.097;0.387;2.17;2.13;56;  56;0;0
0.098;0.402;2.07;2.05;57;  57;0;0
0.09;0.347;2.18;2.12;58;  58;0;0
0.127;0.414;1.96;2;59;  59;0;0
0.116;0.426;2.14;2.03;60;  60;0;0
0.137;0.322;2.11;2.03;61;  61;0;0
0.111;0.372;2.11;2.05;62;  62;0;0
0.107;0.381;2.1;2;63;  63;0;0
0.097;0.339;2.14;2.05;64;  64;0;0
0.134;0.405;2.1;2.04;65;  65;0;0
0.16;0.304;2.06;2.03;66;  66;0;0
0.147;0.439;2.13;1.99;67;  67;0;0
0.104;0.336;1.99;2.08;68;  68;0;0
0.128;0.405;2.07;2;69;  69;0;0
0.128;0.359;1.96;2.02;70;  70;0;0
0.165;0.379;2.02;1.98;71;  71;0;0
0.184;0.303;1.92;2.03;72;  72;0;0
0.172;0.34;1.86;1.93;73;  73;0;0
0.207;0.312;1.9;2.02;74;  74;0;0
0.221;0.291;1.89;1.96;75;  75;0;0
0.159;0.259;2.01;2.01;76;  76;0;0
0.198;0.342;1.93;2.03;77;  77;0;0
0.197;0.458;1.88;1.99;78;  78;0;0
0.251;0.275;1.92;2.07;79;  79;0;0
0.146;0.34;1.94;2.03;80;  80;0;0
0.133;0.385;2.01;1.98;81;  81;0;0
0.243;0.338;1.94;1.99;82;  82;0;0
0.192;0.37;1.94;1.99;83;  83;0;0
0.15;0.29;1.92;2.02;84;  84;0;0
0.221;0.325;1.89;2.1;85;  85;0;0
0.183;0.337;2.02;2.04;86;  86;0;0
0.136;0.338;2.01;1.94;87;  87;0;0
0.206;0.323;1.97;2.06;88;  88;0;0
0.127;0.357;1.97;1.95;89;  89;0;0
0.139;0.381;1.89;2.06;90;  90;0;0
0.189;0.371;2.03;1.97;91;  91;0;0
0.194;0.294;2.03;2.06;92;  92;0;0
0.114;0.384;1.98;2.02;93;  93;0;0
0.229;0.286;1.97;2.03;94;  94;0;0
0.148;0.335;2.02;2.05;95;  95;0;0
0.155;0.31;2.03;2;96;  96;0;0
0.106;0.304;2.06;2;97;  97;0;0
0.156;0.305;2.1;1.99;98;  98;0;0
0.053;0.403;2.07;1.98;99;  99;0;0
0.112;0.365;1.86;1.99;100; 100;0;0
0.084;0.305;1.99;1.93;101; 101;0;0
0.191;0.172;2.01;1.99;102; 102;0;0
0.149;0.321;2.07;1.97;103; 103;0;0
0.143;0.343;2.11;2.07;104; 104;0;0
0.094;0.354;2.08;1.97;105; 105;0;0
0.184;0.316;2.08;1.99;106; 106;0;0
0.205;0.292;2.08;1.86;107; 107;0;0
0.206;0.305;2.07;2.03;108; 108;0;0
0.191;0.294;2.13;2;109; 109;0;0
0.195;0.289;2.1;1.95;110; 110;0;0
0.179;0.301;2.08;1.94;111; 111;0;0
0.272;0.304;2.09;2.02;112; 112;0;0
0.203;0.306;2.09;1.94;113; 113;0;0
0.165;0.405;2.05;2.01;114; 114;0;0
0.138;0.344;2.02;1.87;115; 115;0;0
0.216;0.353;2.1;1.97;116; 116;0;0
0.132;0.383;1.99;1.9;117; 117;0;0
0.12;0.349;2.11;2.03;118; 118;0;0
0.083;0.374;2.18;2;119; 119;0;0
0.118;0.411;2.07;1.94;120; 120;0;0
0.125;0.287;2.09;2.05;121; 121;0;0
0.109;0.42;2.03;1.97;122; 122;0;0
0.119;0.47;2.01;2.02;123; 123;0;0
0.154;0.354;2.08;1.98;124; 124;0;0
0.122;0.392;2.09;2.09;125; 125;0;0
0.126;0.421;1.98;1.98;126; 126;0;0
0.126;0.435;2.02;2.05;127; 127;0;0
0.13;0.424;2.08;2.03;128; 128;0;0
0.158;0.344;2.08;1.97;129; 129;0;0
0.141;0.369;2.03;1.99;130; 130;0;0
0.145;0.364;2.02;1.95;131; 131;0;0
0.127;0.386;2.09;2.06;132; 132;0;0
0.171;0.406;2.04;1.98;133; 133;0;0
0.152;0.439;1.96;2.03;134; 134;0;0
0.211;0.345;1.96;2.06;135; 135;1;0
0.309;0.291;2.05;2.05;136; 136;1;1
0.242;0.292;1.98;1.96;137; 137;1;1
0.38;0.249;1.94;2.06;138; 138;1;1
0.362;0.283;1.97;1.94;139; 139;1;1
0.328;0.301;2;2.03;140; 140;1;1
0.359;0.28;2.02;1.96;141; 141;1;1
0.352;0.251;1.96;2.09;142; 142;1;1
0.322;0.303;2.03;1.98;143; 143;1;1
0.333;0.274;2;1.99;144; 144;1;1
0.365;0.328;1.98;1.96;145; 145;1;1
0.367;0.244;1.96;2.05;146; 146;1;1
0.305;0.323;1.9;1.95;147; 147;1;1
0.298;0.288;1.98;2.03;148; 148;1;1
0.307;0.293;1.99;1.99;149; 149;1;1
0.318;0.321;1.98;2;150; 150;1;1
0.28;0.33;1.97;1.94;151; 151;1;1
0.298;0.273;1.98;2.03;152; 152;1;1
0.336;0.304;1.94;1.97;153; 153;1;1
0.339;0.292;1.93;2.02;154; 154;1;1
0.344;0.251;2;2.05;155; 155;1;1
0.31;0.35;2.03;1.97;156; 156;1;1
0.317;0.302;1.95;2.03;157; 157;1;1
0.369;0.306;1.96;1.93;158; 158;1;1
0.32;0.272;1.98;1.98;159; 159;1;1
0.29;0.296;2.05;2.06;160; 160;1;1
0.361;0.265;1.97;1.95;161; 161;1;1
0.235;0.364;2.01;2.05;162; 162;1;1
0.32;0.284;1.95;2;163; 163;1;1
0.337;0.33;1.89;2.06;164; 164;1;1
0.289;0.351;1.94;2.05;165; 165;1;1
0.339;0.336;2;1.97;166; 166;1;1
0.187;0.383;2.01;2.04;167; 167;1;1
0.414;0.214;1.93;2;168; 168;1;1
0.373;0.26;2;1.98;169; 169;1;1
0.265;0.298;2.01;1.95;170; 170;1;1
0.316;0.248;1.89;1.95;171; 171;1;1
0.245;0.308;1.93;1.91;172; 172;1;1
0.328;0.356;1.83;2;173; 173;1;1
0.368;0.278;1.9;1.94;174; 174;1;1
0.287;0.314;1.85;2.01;175; 175;1;1
0.369;0.214;1.93;1.98;176; 176;1;1
0.406;0.253;1.95;1.86;177; 177;1;1
0.316;0.287;1.93;1.99;178; 178;1;1
0.362;0.238;1.95;1.95;179; 179;1;1
0.308;0.253;1.92;2;180; 180;1;1
0.286;0.336;1.9;1.95;181; 181;1;1
0.42;0.255;1.88;1.89;182; 182;1;1
0.299;0.249;1.88;1.99;183; 183;1;1
0.383;0.195;1.84;2.04;184; 184;1;1
0.354;0.269;2.03;1.96;185; 185;1;1
0.418;0.201;1.97;1.93;186; 186;1;1
0.425;0.184;1.94;1.92;187; 187;1;1
0.445;0.203;1.87;1.97;188; 188;1;1
0.408;0.193;1.91;2.01;189; 189;1;1
0.282;0.322;1.85;1.92;190; 190;1;1
0.41;0.261;1.78;1.96;191; 191;1;1
0.425;0.183;1.83;1.95;192; 192;1;1
0.358;0.289;1.84;1.86;193; 193;1;1
0.393;0.243;1.81;1.92;194; 194;1;1
0.375;0.302;1.89;1.92;195; 195;1;1
0.273;0.35;1.88;1.89;196; 196;1;1
0.237;0.401;1.81;2;197; 197;1;1
0.331;0.332;1.83;1.96;198; 198;1;1
0.335;0.351;1.9;1.93;199; 199;1;1
0.395;0.28;1.87;1.99;200; 200;1;1
0.357;0.308;1.9;1.97;201; 201;1;1
0.296;0.299;1.93;2;202; 202;1;1
0.307;0.199;1.9;1.99;203; 203;1;1
0.39;0.283;1.72;1.96;204; 204;1;1
0.298;0.333;1.89;1.87;205; 205;1;1
0.381;0.233;1.85;1.93;206; 206;1;1
0.354;0.296;1.85;1.97;207; 207;1;1
0.436;0.267;1.96;2;208; 208;1;1
0.357;0.253;1.88;1.95;209; 209;1;1
0.427;0.239;1.76;2;210; 210;1;1
0.432;0.155;1.8;2;211; 211;1;1
0.45;0.247;1.73;1.99;212; 212;1;1
0.53;0.201;1.67;1.84;213; 213;1;1
0.431;0.266;1.72;1.93;214; 214;1;1
0.42;0.29;1.76;1.91;215; 215;1;1
0.411;0.231;1.76;1.94;216; 216;1;1
0.423;0.255;1.8;1.98;217; 217;1;1
0.433;0.242;1.72;1.94;218; 218;1;1
0.393;0.271;1.87;1.95;219; 219;1;1
0.389;0.266;1.8;1.86;220; 220;1;1
0.387;0.244;1.85;1.91;221; 221;1;1
0.439;0.204;1.71;1.9;222; 222;1;1
0.421;0.213;1.74;1.87;223; 223;1;1
0.363;0.295;1.86;1.88;224; 224;1;1
0.401;0.254;1.88;1.86;225; 225;1;1
0.394;0.242;1.78;1.95;226; 226;1;1
0.459;0.228;1.74;1.93;227; 227;1;1
0.441;0.181;1.83;1.88;228; 228;1;1
0.388;0.264;1.82;1.84;229; 229;1;1
0.373;0.277;1.82;1.85;230; 230;1;1
0.385;0.284;1.8;1.8;231; 231;1;1
0.314;0.248;1.87;1.88;232; 232;1;1
0.347;0.28;1.92;1.86;233; 233;1;1
0.408;0.249;1.91;1.82;234; 234;1;1
0.341;0.279;1.75;1.85;235; 235;1;1
0.361;0.282;1.9;1.82;236; 236;1;1
0.414;0.267;1.82;1.86;237; 237;1;1
0.38;0.252;1.77;1.81;238; 238;1;1
0.274;0.19;1.85;1.79;239; 239;1;1
0.352;0.284;1.83;1.77;240; 240;1;1
0.439;0.207;1.83;1.76;241; 241;1;1
0.355;0.327;1.89;1.78;242; 242;1;1
0.435;0.259;1.87;1.73;243; 243;1;1
0.408;0.286;1.9;1.68;244; 244;1;1
0.383;0.275;1.81;1.69;245; 245;1;1
0.357;0.244;1.83;1.79;246; 246;1;1
0.374;0.341;1.85;1.68;247; 247;1;1
0.366;0.331;1.78;1.76;248; 248;1;1
0.346;0.25;1.79;1.73;249; 249;1;1
0.381;0.22;1.75;1.74;250; 250;1;1
0.329;0.293;1.88;1.74;251; 251;1;1
0.474;0.205;1.71;1.74;252; 252;1;1
0.397;0.254;1.8;1.78;253; 253;1;1
0.436;0.268;1.79;1.76;254; 254;1;1
0.417;0.211;1.66;1.82;255; 255;1;1
0.43;0.203;1.74;1.66;256; 256;1;1
0.388;0.271;1.63;1.81;257; 257;1;1
0.453;0.29;1.73;1.76;258; 258;1;1
0.316;0.323;1.75;1.82;259; 259;1;1
0.414;0.253;1.79;1.68;260; 260;1;1
0.396;0.23;1.72;1.83;261; 261;1;1
0.42;0.22;1.84;1.74;262; 262;1;1
0.432;0.235;1.84;1.71;263; 263;1;1
0.453;0.228;1.82;1.7;264; 264;1;1
0.43;0.216;1.82;1.68;265; 265;1;1
0.327;0.324;1.73;1.7;266; 266;1;1
0.388;0.268;1.75;1.67;267; 267;1;1
0.377;0.257;1.85;1.77;268; 268;1;1
0.466;0.194;1.65;1.75;269; 269;1;1
0.478;0.212;1.79;1.59;270; 270;1;1
0.365;0.218;1.81;1.72;271; 271;1;1
0.472;0.216;1.66;1.64;272; 272;1;1
0.399;0.276;1.76;1.74;273; 273;1;1
0.391;0.19;1.71;1.8;274; 274;1;1
0.473;0.249;1.76;1.81;275; 275;1;1
0.384;0.172;1.81;1.67;276; 276;1;1
